8.705505632961241247e-02 3.623317659243329894e+06
9.705505632961240747e-02 2.690715695138730109e+06
1.070550563296124025e-01 1.997817161588614108e+06
1.170550563296123975e-01 1.494715339000273263e+06
1.270550563296123925e-01 1.125858704501725035e+06
1.370550563296124014e-01 8.526971691733743064e+05
1.470550563296123825e-01 6.825075719409848098e+05
1.570550563296123636e-01 5.448746058649187908e+05
1.670550563296123725e-01 4.499535258344803588e+05
1.770550563296123814e-01 3.714976244185699616e+05
1.870550563296123625e-01 3.086038190665676375e+05
1.970550563296123436e-01 2.705644446804159088e+05
2.070550563296123525e-01 2.400219960911528906e+05
2.170550563296123614e-01 2.129106793637414230e+05
2.270550563296123425e-01 1.887368566602185601e+05
2.370550563296123237e-01 1.672677190482492151e+05
2.470550563296123325e-01 1.482317695512751234e+05
2.570550563296123414e-01 1.313543055542617803e+05
2.670550563296123503e-01 1.154716676875428675e+05
2.770550563296123037e-01 1.016072119316601747e+05
2.870550563296123125e-01 8.947250861760749831e+04
2.970550563296123214e-01 7.877928132059096242e+04
3.070550563296122748e-01 6.936292628345197591e+04
3.170550563296122837e-01 6.222655019457103481e+04
3.270550563296122926e-01 5.581261228530310473e+04
3.370550563296123014e-01 5.004930334149902046e+04
3.470550563296123103e-01 4.487180815713186894e+04
3.570550563296122637e-01 4.022163922383057798e+04
3.670550563296122726e-01 3.580126546183755272e+04
3.770550563296122815e-01 3.151920722781916993e+04
3.870550563296122348e-01 2.743593809633003912e+04
3.970550563296122437e-01 2.380001932966777167e+04
4.070550563296122526e-01 2.064594671296206434e+04
4.170550563296122615e-01 1.790986413321290092e+04
4.270550563296122704e-01 1.553637793352412154e+04
4.370550563296122237e-01 1.360840589177708353e+04
4.470550563296122326e-01 1.195680811537246882e+04
4.570550563296122415e-01 1.050227247228462329e+04
4.670550563296121949e-01 9.221746666706460019e+03
4.770550563296122037e-01 8.094814610269585501e+03
4.870550563296122126e-01 7.103402543919229174e+03
4.970550563296122215e-01 6.231517020746851813e+03
5.070550563296122304e-01 5.465011393998664062e+03
5.170550563296121283e-01 4.862184791090010549e+03
5.270550563296121371e-01 4.326636761247526920e+03
5.370550563296121460e-01 3.903241497933159735e+03
5.470550563296121549e-01 3.775101193502808201e+03
5.570550563296121638e-01 3.651099543590453777e+03
5.670550563296121727e-01 3.531104788954524793e+03
5.770550563296121815e-01 3.414989315424685628e+03
5.870550563296121904e-01 3.302629524689180926e+03
5.970550563296121993e-01 3.193905709083788679e+03
6.070550563296122082e-01 3.088203320504241219e+03
6.170550563296121060e-01 2.985577410654435425e+03
6.270550563296121149e-01 2.886292593225013661e+03
6.370550563296121238e-01 2.790242058369399274e+03
6.470550563296121327e-01 2.697322360405238669e+03
6.570550563296121416e-01 2.607433313010449638e+03
6.670550563296121505e-01 2.520477887660583292e+03
6.770550563296121593e-01 2.436362115207689840e+03
6.870550563296120572e-01 2.354994990503986173e+03
6.970550563296120661e-01 2.276288379976517717e+03
7.070550563296120750e-01 2.200156932061975567e+03
7.170550563296120838e-01 2.130314695001246037e+03
7.270550563296120927e-01 2.065410276421906929e+03
7.370550563296121016e-01 2.002483260037801529e+03
7.470550563296121105e-01 1.941473402936817820e+03
7.570550563296121194e-01 1.881682744937543021e+03
7.670550563296121283e-01 1.821130983069612284e+03
7.770550563296120261e-01 1.762525195761238592e+03
7.870550563296120350e-01 1.705802930078025156e+03
7.970550563296120439e-01 1.650903734557071857e+03
8.070550563296120528e-01 1.597769095159384051e+03
8.170550563296120616e-01 1.546342373268673100e+03
8.270550563296120705e-01 1.496568745671272154e+03
8.370550563296120794e-01 1.448395146453972302e+03
8.470550563296119773e-01 1.402993662067235391e+03
8.570550563296119861e-01 1.359940039778307209e+03
8.670550563296119950e-01 1.318188166066686335e+03
8.770550563296120039e-01 1.277699368892242546e+03
8.870550563296120128e-01 1.238436101492603484e+03
8.970550563296120217e-01 1.200361910420406957e+03
9.070550563296120306e-01 1.163441404463765593e+03
9.170550563296120394e-01 1.127640224426279929e+03
9.270550563296120483e-01 1.092925013743540376e+03
9.370550563296119462e-01 1.059263389913651963e+03
9.470550563296119551e-01 1.026623916719914860e+03
9.570550563296119639e-01 9.949760772243496376e+02
9.670550563296119728e-01 9.642902475113156697e+02
9.770550563296119817e-01 9.345376711610141456e+02
9.870550563296119906e-01 9.056904344331907168e+02
9.970550563296119995e-01 8.774171914509473709e+02
1.007055056329611897e+00 8.484683688290783721e+02
1.017055056329611906e+00 8.204746214119659271e+02
1.027055056329611915e+00 7.934044408047625438e+02
1.037055056329611924e+00 7.672273580472399317e+02
1.047055056329611933e+00 7.419139093251362738e+02
1.057055056329611942e+00 7.174356028125681632e+02
1.067055056329611951e+00 6.949073515018674243e+02
1.077055056329611959e+00 6.785134252741694354e+02
1.087055056329611968e+00 6.624854318550202379e+02
1.097055056329611977e+00 6.468155820155915308e+02
1.107055056329611986e+00 6.314962475922410476e+02
1.117055056329611995e+00 6.165199581743122508e+02
1.127055056329612004e+00 6.018793978604167023e+02
1.137055056329611791e+00 5.875674020817888277e+02
1.147055056329611800e+00 5.735769544913329128e+02
1.157055056329611809e+00 5.599011839170134408e+02
1.167055056329611817e+00 5.465333613782601105e+02
1.177055056329611826e+00 5.334668971640910513e+02
1.187055056329611835e+00 5.239538985933220374e+02
1.197055056329611844e+00 5.147890219802039837e+02
1.207055056329611853e+00 5.057703884774401217e+02
1.217055056329611862e+00 4.968960143446337270e+02
1.227055056329611871e+00 4.881639346963413573e+02
1.237055056329611880e+00 4.795722034911063929e+02
1.247055056329611888e+00 4.711188935171152821e+02
1.257055056329611897e+00 4.628020963745049130e+02
1.267055056329611906e+00 4.546199224543325954e+02
1.277055056329611915e+00 4.465705009142303084e+02
1.287055056329611702e+00 4.386519796507757292e+02
1.297055056329611711e+00 4.308625252685953342e+02
1.307055056329611720e+00 4.232003230462389070e+02
1.317055056329611729e+00 4.156635768988506925e+02
1.327055056329611737e+00 4.082505093376746572e+02
1.337055056329611746e+00 4.009593614264248345e+02
1.347055056329611755e+00 3.937883927345648090e+02
1.357055056329611764e+00 3.867358812875299350e+02
1.367055056329611773e+00 3.798001235139379332e+02
1.377055056329611782e+00 3.729794341898298171e+02
1.387055056329611791e+00 3.662721463799834396e+02
1.397055056329611800e+00 3.593312511700989944e+02
1.407055056329611809e+00 3.519985429641567976e+02
1.417055056329611817e+00 3.448154426332581579e+02
1.427055056329611826e+00 3.377788983244321344e+02
1.437055056329611835e+00 3.308859204276796504e+02
1.447055056329611844e+00 3.241335803067656229e+02
1.457055056329611631e+00 3.175190090558841121e+02
1.467055056329611640e+00 3.110393962816747262e+02
1.477055056329611649e+00 3.046919889100681758e+02
1.487055056329611658e+00 2.984740900174595595e+02
1.497055056329611666e+00 2.923830576857075698e+02
1.507055056329611675e+00 2.874073556824782827e+02
1.517055056329611684e+00 2.839661835940219703e+02
1.527055056329611693e+00 2.805612374940955647e+02
1.537055056329611702e+00 2.771921744745004617e+02
1.547055056329611711e+00 2.738586548855693081e+02
1.557055056329611720e+00 2.705603423017626028e+02
1.567055056329611729e+00 2.672969034876016963e+02
1.577055056329611737e+00 2.640680083639326767e+02
1.587055056329611746e+00 2.608733299745198906e+02
1.597055056329611755e+00 2.577125444529660285e+02
1.607055056329611542e+00 2.545853309899586918e+02
1.617055056329611551e+00 2.514913718008365606e+02
1.627055056329611560e+00 2.484303520934786889e+02
1.637055056329611569e+00 2.454019600365096210e+02
1.647055056329611578e+00 2.424058867278217804e+02
1.657055056329611586e+00 2.392864183570173395e+02
1.667055056329611595e+00 2.361828558624113157e+02
1.677055056329611604e+00 2.331120305475973566e+02
1.687055056329611613e+00 2.300736633830047424e+02
1.697055056329611622e+00 2.270674779619280059e+02
1.707055056329611631e+00 2.240932004629443384e+02
1.717055056329611640e+00 2.211505596126032742e+02
1.727055056329611649e+00 2.182392866483931471e+02
1.737055056329611658e+00 2.153591152819860781e+02
1.747055056329611666e+00 2.125097816627679492e+02
1.757055056329611675e+00 2.096910243416531046e+02
1.767055056329611684e+00 2.069025842351915117e+02
1.777055056329611471e+00 2.041442045899696609e+02
1.787055056329611480e+00 2.014156309473104898e+02
1.797055056329611489e+00 1.987166111082767088e+02
1.807055056329611498e+00 1.960468950989804000e+02
1.817055056329611507e+00 1.934062351362057655e+02
1.827055056329611515e+00 1.907943855933474140e+02
1.837055056329611524e+00 1.882111029666692446e+02
1.847055056329611533e+00 1.856561458418901793e+02
1.857055056329611542e+00 1.831292748610993328e+02
1.867055056329611551e+00 1.806302526900073531e+02
1.877055056329611560e+00 1.781588439855382546e+02
1.887055056329611569e+00 1.757148153637656378e+02
1.897055056329611578e+00 1.732979353682005694e+02
1.907055056329611586e+00 1.709079744384343940e+02
1.917055056329611595e+00 1.685447048791427562e+02
1.927055056329611382e+00 1.662079008294551272e+02
1.937055056329611391e+00 1.638973382326957164e+02
1.947055056329611400e+00 1.616127948065005455e+02
1.957055056329611409e+00 1.593540500133165381e+02
1.967055056329611418e+00 1.571208850312862637e+02
1.977055056329611427e+00 1.549130827255255554e+02
1.987055056329611435e+00 1.527304276197975526e+02
1.997055056329611444e+00 1.505727058685890540e+02
2.007055056329611453e+00 1.484397052295938124e+02
2.017055056329611240e+00 1.463312150366081710e+02
2.027055056329611471e+00 1.442470261728427943e+02
2.037055056329611702e+00 1.421869310446574843e+02
2.047055056329611489e+00 1.401507235557216973e+02
2.057055056329611276e+00 1.381381990816058476e+02
2.067055056329611507e+00 1.361491544448091133e+02
2.077055056329611737e+00 1.341833878902268111e+02
2.087055056329611524e+00 1.322406990610620028e+02
2.097055056329611311e+00 1.303208889751852269e+02
2.107055056329611542e+00 1.284237600019472154e+02
2.117055056329611329e+00 1.265491158394471114e+02
