# chirpmass               merger_rate
8.705505632961241247e-02 6.652807660217542434e+05
9.705505632961240747e-02 4.948070719898687676e+05
1.070550563296124025e-01 3.678947619209135883e+05
1.170550563296123975e-01 2.756014686658752616e+05
1.270550563296123925e-01 2.080402264686423005e+05
1.370550563296124014e-01 1.608424467617885675e+05
1.470550563296123825e-01 1.342234685164303228e+05
1.570550563296123636e-01 1.120104118257210357e+05
1.670550563296123725e-01 9.439596042681661493e+04
1.770550563296123814e-01 7.955138813700806350e+04
1.870550563296123625e-01 6.717787097268635989e+04
1.970550563296123436e-01 5.866861115485276969e+04
2.070550563296123525e-01 5.189213902398893697e+04
2.170550563296123614e-01 4.589767376791252173e+04
2.270550563296123425e-01 4.063914303573479265e+04
2.370550563296123237e-01 3.599474548228702042e+04
2.470550563296123325e-01 3.188103406728485061e+04
2.570550563296123414e-01 2.823738117242402950e+04
2.670550563296123503e-01 2.517885397466731956e+04
2.770550563296123037e-01 2.305329969244075255e+04
2.870550563296123125e-01 2.122342296306208664e+04
2.970550563296123214e-01 1.953791732836004667e+04
3.070550563296122748e-01 1.798584466442837220e+04
3.170550563296122837e-01 1.663826660038752743e+04
3.270550563296122926e-01 1.539164393430209566e+04
3.370550563296123014e-01 1.423841430845766990e+04
3.470550563296123103e-01 1.317158178242025133e+04
3.570550563296122637e-01 1.218467441340088408e+04
3.670550563296122726e-01 1.128871953689346265e+04
3.770550563296122815e-01 1.048338788510235099e+04
3.870550563296122348e-01 9.791165571881541837e+03
3.970550563296122437e-01 9.160525135999789200e+03
4.070550563296122526e-01 8.570466830384326386e+03
4.170550563296122615e-01 8.018381612303692236e+03
4.270550563296122704e-01 7.501828013879343416e+03
4.370550563296122237e-01 7.033148450979996596e+03
4.470550563296122326e-01 6.598320576782522949e+03
4.570550563296122415e-01 6.190114281498589662e+03
4.670550563296121949e-01 5.806917652507336243e+03
4.770550563296122037e-01 5.447215173190883434e+03
4.870550563296122126e-01 5.109582036963199243e+03
4.970550563296122215e-01 4.792678791694737811e+03
5.070550563296122304e-01 4.495246295639838536e+03
5.170550563296121283e-01 4.225910698685581337e+03
5.270550563296121371e-01 3.973550223577979068e+03
5.370550563296121460e-01 3.752339398410583271e+03
5.470550563296121549e-01 3.614510785142537770e+03
5.570550563296121638e-01 3.481705520166161932e+03
5.670550563296121727e-01 3.353741831175539119e+03
5.770550563296121815e-01 3.230444481002724842e+03
5.870550563296121904e-01 3.111644533993788173e+03
5.970550563296121993e-01 2.997179130696143147e+03
6.070550563296122082e-01 2.887691518151048058e+03
6.170550563296121060e-01 2.782747348758040062e+03
6.270550563296121149e-01 2.681599044614600643e+03
6.370550563296121238e-01 2.584109917051227058e+03
6.470550563296121327e-01 2.490148179295090358e+03
6.570550563296121416e-01 2.399586771341089843e+03
6.670550563296121505e-01 2.312303191058394077e+03
6.770550563296121593e-01 2.228179331311180704e+03
6.870550563296120572e-01 2.147101322880031148e+03
6.970550563296120661e-01 2.068959382978047870e+03
7.070550563296120750e-01 1.993647669163035744e+03
7.170550563296120838e-01 1.923228343270289770e+03
7.270550563296120927e-01 1.856843755034438800e+03
7.370550563296121016e-01 1.792749985467297847e+03
7.470550563296121105e-01 1.730868003248947389e+03
7.570550563296121194e-01 1.671798612642383659e+03
7.670550563296121283e-01 1.617493830697231942e+03
7.770550563296120261e-01 1.564952234597141796e+03
7.870550563296120350e-01 1.514116601693667008e+03
7.970550563296120439e-01 1.464931565653537973e+03
8.070550563296120528e-01 1.417343556264617746e+03
8.170550563296120616e-01 1.371300741192951364e+03
8.270550563296120705e-01 1.326752969627687662e+03
8.370550563296120794e-01 1.283651717752708919e+03
8.470550563296119773e-01 1.243447680280020904e+03
8.570550563296119861e-01 1.205647341637465388e+03
8.670550563296119950e-01 1.168986937822411164e+03
8.770550563296120039e-01 1.133432399241067969e+03
8.870550563296120128e-01 1.098950664460984854e+03
8.970550563296120217e-01 1.065509650702694444e+03
9.070550563296120306e-01 1.033078225184870234e+03
9.170550563296120394e-01 1.001626177298624839e+03
9.270550563296120483e-01 9.711241915872583377e+02
9.370550563296119462e-01 9.415438215084373041e+02
9.470550563296119551e-01 9.128574639564217250e+02
9.570550563296119639e-01 8.850383345226119900e+02
9.670550563296119728e-01 8.580604434732781556e+02
9.770550563296119817e-01 8.318985724239400952e+02
9.870550563296119906e-01 8.065282516904571821e+02
9.970550563296119995e-01 7.820685091069784676e+02
1.007055056329611897e+00 7.590691785432824190e+02
1.017055056329611906e+00 7.367300147844889580e+02
1.027055056329611915e+00 7.150326415966765126e+02
1.037055056329611924e+00 6.939591748239101889e+02
1.047055056329611933e+00 6.734922098353774800e+02
1.057055056329611942e+00 6.536148092742143945e+02
1.067055056329611951e+00 6.354135742436510554e+02
1.077055056329611959e+00 6.229857297925732382e+02
1.087055056329611968e+00 6.108001426314106084e+02
1.097055056329611977e+00 5.988521052936368960e+02
1.107055056329611986e+00 5.871370015182445741e+02
1.117055056329611995e+00 5.756503044874590387e+02
1.127055056329612004e+00 5.643875750984182105e+02
1.137055056329611791e+00 5.533444602681623792e+02
1.147055056329611800e+00 5.425166912713006013e+02
1.157055056329611809e+00 5.319000821097217795e+02
1.167055056329611817e+00 5.214905279137304888e+02
1.177055056329611826e+00 5.112840033740114905e+02
1.187055056329611835e+00 5.017668439434461334e+02
1.197055056329611844e+00 4.924555497955852275e+02
1.207055056329611853e+00 4.833168435138344989e+02
1.217055056329611862e+00 4.743475300290696168e+02
1.227055056329611871e+00 4.655444733463531861e+02
1.237055056329611880e+00 4.569045954541466585e+02
1.247055056329611888e+00 4.484248752536331608e+02
1.257055056329611897e+00 4.401023475077865328e+02
1.267055056329611906e+00 4.319341018098195377e+02
1.277055056329611915e+00 4.239172815706523920e+02
1.287055056329611702e+00 4.160490830250564045e+02
1.297055056329611711e+00 4.083267542561247296e+02
1.307055056329611720e+00 4.007475942377348019e+02
1.317055056329611729e+00 3.933089518946707699e+02
1.327055056329611737e+00 3.860082251800787390e+02
1.337055056329611746e+00 3.788428601699387741e+02
1.347055056329611755e+00 3.718103501742394315e+02
1.357055056329611764e+00 3.649082348645436014e+02
1.367055056329611773e+00 3.581340994176493950e+02
1.377055056329611782e+00 3.514855736750467372e+02
1.387055056329611791e+00 3.449603313178760686e+02
1.397055056329611800e+00 3.387733822481180823e+02
1.407055056329611809e+00 3.330230808676740253e+02
1.417055056329611817e+00 3.273663108511037763e+02
1.427055056329611826e+00 3.218016403769960903e+02
1.437055056329611835e+00 3.163276576838201208e+02
1.447055056329611844e+00 3.109429708245381221e+02
1.457055056329611631e+00 3.056462074236154649e+02
1.467055056329611640e+00 3.004360144364167695e+02
1.477055056329611649e+00 2.953110579109688842e+02
1.487055056329611658e+00 2.902700227520771250e+02
1.497055056329611666e+00 2.853116124877781203e+02
1.507055056329611675e+00 2.815579896918700342e+02
1.517055056329611684e+00 2.795071652688777135e+02
1.527055056329611693e+00 2.774702804763729205e+02
1.537055056329611702e+00 2.754472458666052148e+02
1.547055056329611711e+00 2.734379725498885136e+02
1.557055056329611720e+00 2.714423721910962968e+02
1.567055056329611729e+00 2.694603570061807432e+02
1.577055056329611737e+00 2.674918397587138088e+02
1.587055056329611746e+00 2.655367337564488821e+02
1.597055056329611755e+00 2.635949528479056312e+02
1.607055056329611542e+00 2.616664114189765087e+02
1.617055056329611551e+00 2.597510243895533222e+02
1.627055056329611560e+00 2.578487072101764284e+02
1.637055056329611569e+00 2.559593758587055845e+02
1.647055056329611578e+00 2.540829468370105531e+02
1.657055056329611586e+00 2.518980124818623096e+02
1.667055056329611595e+00 2.496921569548178184e+02
1.677055056329611604e+00 2.475006475022665029e+02
1.687055056329611613e+00 2.453234189673129038e+02
1.697055056329611622e+00 2.431604066731379135e+02
1.707055056329611631e+00 2.410115464162577723e+02
1.717055056329611640e+00 2.388767744597689386e+02
1.727055056329611649e+00 2.367560275265763607e+02
1.737055056329611658e+00 2.346492427926104085e+02
1.747055056329611666e+00 2.325563578800307312e+02
1.757055056329611675e+00 2.304773108504181494e+02
1.767055056329611684e+00 2.284120401979561450e+02
1.777055056329611471e+00 2.263604848426040803e+02
1.787055056329611480e+00 2.243225841232593609e+02
1.797055056329611489e+00 2.222982777909151082e+02
1.807055056329611498e+00 2.202875060018098168e+02
1.817055056329611507e+00 2.182902093105722940e+02
1.827055056329611515e+00 2.163063286633631037e+02
1.837055056329611524e+00 2.143358053910135936e+02
1.847055056329611533e+00 2.123785812021621382e+02
1.857055056329611542e+00 2.104345981763927682e+02
1.867055056329611551e+00 2.085037987573723797e+02
1.877055056329611560e+00 2.065861257459929448e+02
1.887055056329611569e+00 2.046815222935163376e+02
1.897055056329611578e+00 2.027899318947252425e+02
1.907055056329611586e+00 2.009112983810807975e+02
1.917055056329611595e+00 1.990455659138892770e+02
1.927055056329611382e+00 1.971926789774773283e+02
1.937055056329611391e+00 1.953525823723807662e+02
1.947055056329611400e+00 1.935252212085448775e+02
1.957055056329611409e+00 1.917105408985400459e+02
1.967055056329611418e+00 1.899084871507936043e+02
1.977055056329611427e+00 1.881190059628402196e+02
1.987055056329611435e+00 1.863420436145910628e+02
1.997055056329611444e+00 1.845775466616246945e+02
2.007055056329611453e+00 1.828254619285021363e+02
2.017055056329611240e+00 1.810857365021050214e+02
2.027055056329611471e+00 1.793583177250014273e+02
2.037055056329611702e+00 1.776431531888406710e+02
2.047055056329611489e+00 1.759401907277767805e+02
2.057055056329611276e+00 1.742493784119259033e+02
2.067055056329611507e+00 1.725706645408555460e+02
2.077055056329611737e+00 1.709039976371115017e+02
2.087055056329611524e+00 1.692493264397818109e+02
2.097055056329611311e+00 1.676065998980988638e+02
2.107055056329611542e+00 1.659757671650848465e+02
2.117055056329611329e+00 1.643567775912397337e+02
