8.705505632961241247e-02 6.347773549836414224e-07
9.705505632961240747e-02 8.547911636132239844e-07
1.070550563296124025e-01 1.151256503458553535e-06
1.170550563296123975e-01 1.538754530704377358e-06
1.270550563296123925e-01 2.042885124752771089e-06
1.370550563296124014e-01 2.697323367719956988e-06
1.470550563296123825e-01 3.369925982592434468e-06
1.570550563296123636e-01 4.221154693654779550e-06
1.670550563296123725e-01 5.111639020350907105e-06
1.770550563296123814e-01 6.191156682629462688e-06
1.870550563296123625e-01 7.452921376529940100e-06
1.970550563296123436e-01 8.500747401295479064e-06
2.070550563296123525e-01 9.582455097684178377e-06
2.170550563296123614e-01 1.080265211154874813e-05
2.270550563296123425e-01 1.218627903791293527e-05
2.370550563296123237e-01 1.375041169382212557e-05
2.470550563296123325e-01 1.551624194302289952e-05
2.570550563296123414e-01 1.750989425352244660e-05
2.670550563296123503e-01 1.991830590187384034e-05
2.770550563296123037e-01 2.263618847790994359e-05
2.870550563296123125e-01 2.570622010644482732e-05
2.970550563296123214e-01 2.919549355420225913e-05
3.070550563296122748e-01 3.315892398485377452e-05
3.170550563296122837e-01 3.696171477943612036e-05
3.270550563296122926e-01 4.120932358877688582e-05
3.370550563296123014e-01 4.595468560883894221e-05
3.470550563296123103e-01 5.125712768127978176e-05
3.570550563296122637e-01 5.718314927943792989e-05
3.670550563296122726e-01 6.424353916907463635e-05
3.770550563296122815e-01 7.297137847965911553e-05
3.870550563296122348e-01 8.383165146110526658e-05
3.970550563296122437e-01 9.663857697514340863e-05
4.070550563296122526e-01 1.114020118319882988e-04
4.170550563296122615e-01 1.284208513751240938e-04
4.270550563296122704e-01 1.480396531187040947e-04
4.370550563296122237e-01 1.690131833435230650e-04
4.470550563296122326e-01 1.923590290825999546e-04
4.570550563296122415e-01 2.190002217205536572e-04
4.670550563296121949e-01 2.494104515258217629e-04
4.770550563296122037e-01 2.841325108399736033e-04
4.870550563296122126e-01 3.237884923146983236e-04
4.970550563296122215e-01 3.690915057027868229e-04
5.070550563296122304e-01 4.208591408474860623e-04
5.170550563296121283e-01 4.730383765369771147e-04
5.270550563296121371e-01 5.315907313043830148e-04
5.370550563296121460e-01 5.892538294691459068e-04
5.470550563296121549e-01 6.092551913465121555e-04
5.570550563296121638e-01 6.299472179655237272e-04
5.670550563296121727e-01 6.513542184288941515e-04
5.770550563296121815e-01 6.735013751321132676e-04
5.870550563296121904e-01 6.964147758039735975e-04
5.970550563296121993e-01 7.201214467473377985e-04
6.070550563296122082e-01 7.447696156302482202e-04
6.170550563296121060e-01 7.703702445604457185e-04
6.270550563296121149e-01 7.968700073578067252e-04
6.370550563296121238e-01 8.243012440806321648e-04
6.470550563296121327e-01 8.526974876130319000e-04
6.570550563296121416e-01 8.820935087864248013e-04
6.670550563296121505e-01 9.125253632495767620e-04
6.770550563296121593e-01 9.440304401564437358e-04
6.870550563296120572e-01 9.766475127438733767e-04
6.970550563296120661e-01 1.010416790874154019e-03
7.070550563296120750e-01 1.045379975620399065e-03
7.170550563296120838e-01 1.079652694222556783e-03
7.270550563296120927e-01 1.113580205471086191e-03
7.370550563296121016e-01 1.148573896171587415e-03
7.470550563296121105e-01 1.184667272042381819e-03
7.570550563296121194e-01 1.222310193462682612e-03
7.670550563296121283e-01 1.262951441374759662e-03
7.770550563296120261e-01 1.304945884195785662e-03
7.870550563296120350e-01 1.348338638329572717e-03
7.970550563296120439e-01 1.393176326308981881e-03
8.070550563296120528e-01 1.439507127136268336e-03
8.170550563296120616e-01 1.487380828307923938e-03
8.270550563296120705e-01 1.536848879580440547e-03
8.370550563296120794e-01 1.587964448535308807e-03
8.470550563296119773e-01 1.639351667926335380e-03
8.570550563296119861e-01 1.691251035137503536e-03
8.670550563296119950e-01 1.744819183791431610e-03
8.770550563296120039e-01 1.800110461034418055e-03
8.870550563296120128e-01 1.857181002094468111e-03
8.970550563296120217e-01 1.916088789583853631e-03
9.070550563296120306e-01 1.976893714780658239e-03
9.170550563296120394e-01 2.039657640955644738e-03
9.270550563296120483e-01 2.104444468813031384e-03
9.370550563296119462e-01 2.171320204116078227e-03
9.470550563296119551e-01 2.240353027570746950e-03
9.570550563296119639e-01 2.311613367043185898e-03
9.670550563296119728e-01 2.385173972189332924e-03
9.770550563296119817e-01 2.461109991577563934e-03
9.870550563296119906e-01 2.539499052388039836e-03
9.970550563296119995e-01 2.621329992630515911e-03
1.007055056329611897e+00 2.710766935453463693e-03
1.017055056329611906e+00 2.803255505992249558e-03
1.027055056329611915e+00 2.898899831802143577e-03
1.037055056329611924e+00 2.997807593636909497e-03
1.047055056329611933e+00 3.100090146701978047e-03
1.057055056329611942e+00 3.205862646045571935e-03
1.067055056329611951e+00 3.309793737293364926e-03
1.077055056329611959e+00 3.389763436251287763e-03
1.087055056329611968e+00 3.471774456322440292e-03
1.097055056329611977e+00 3.555882177162142388e-03
1.107055056329611986e+00 3.642143573725740557e-03
1.117055056329611995e+00 3.730617264704523366e-03
1.127055056329612004e+00 3.821363562494621991e-03
1.137055056329611791e+00 3.914444524748910553e-03
1.147055056329611800e+00 4.009924007563581486e-03
1.157055056329611809e+00 4.107867720352771645e-03
1.167055056329611817e+00 4.208343282466431995e-03
1.177055056329611826e+00 4.311420281608465549e-03
1.187055056329611835e+00 4.389699181883926701e-03
1.197055056329611844e+00 4.467849743867392462e-03
1.207055056329611853e+00 4.547518107819377084e-03
1.217055056329611862e+00 4.628735054422838772e-03
1.227055056329611871e+00 4.711532000885516533e-03
1.237055056329611880e+00 4.795941014214042016e-03
1.247055056329611888e+00 4.881994824765912427e-03
1.257055056329611897e+00 4.969726840085038691e-03
1.267055056329611906e+00 5.059171159026888340e-03
1.277055056329611915e+00 5.150362586179298152e-03
1.287055056329611702e+00 5.243336646585067956e-03
1.297055056329611711e+00 5.338129600772782701e-03
1.307055056329611720e+00 5.434778460102218829e-03
1.317055056329611729e+00 5.533321002430991072e-03
1.327055056329611737e+00 5.633795788109133111e-03
1.337055056329611746e+00 5.736242176308545791e-03
1.347055056329611755e+00 5.840700341694243965e-03
1.357055056329611764e+00 5.947211291444660930e-03
1.367055056329611773e+00 6.055816882628249458e-03
1.377055056329611782e+00 6.166559839943890758e-03
1.387055056329611791e+00 6.279483773832750249e-03
1.397055056329611800e+00 6.400779204453981193e-03
1.407055056329611809e+00 6.534117955807002866e-03
1.417055056329611817e+00 6.670234901417260859e-03
1.427055056329611826e+00 6.809187937462216761e-03
1.437055056329611835e+00 6.951036166867369595e-03
1.447055056329611844e+00 7.095839924463364853e-03
1.457055056329611631e+00 7.243660802667704728e-03
1.467055056329611640e+00 7.394561677701877271e-03
1.477055056329611649e+00 7.548606736355184532e-03
1.487055056329611658e+00 7.705861503306564442e-03
1.497055056329611666e+00 7.866392869016192169e-03
1.507055056329611675e+00 8.002578759817798731e-03
1.517055056329611684e+00 8.099555978426788844e-03
1.527055056329611693e+00 8.197853775322058029e-03
1.537055056329611702e+00 8.297492540546385492e-03
1.547055056329611711e+00 8.398493014438580470e-03
1.557055056329611720e+00 8.500876294112436754e-03
1.567055056329611729e+00 8.604663840060844046e-03
1.577055056329611737e+00 8.709877482887630473e-03
1.587055056329611746e+00 8.816539430169601302e-03
1.597055056329611755e+00 8.924672273451408899e-03
1.607055056329611542e+00 9.034298995375802249e-03
1.617055056329611551e+00 9.145442976952059336e-03
1.627055056329611560e+00 9.258128004965199276e-03
1.637055056329611569e+00 9.372378279528892006e-03
1.647055056329611578e+00 9.488218421784806386e-03
1.657055056329611586e+00 9.611912016537355052e-03
1.667055056329611595e+00 9.738217414645321951e-03
1.677055056329611604e+00 9.866500646050442580e-03
1.687055056329611613e+00 9.996798269653222810e-03
1.697055056329611622e+00 1.012914760248333212e-02
1.707055056329611631e+00 1.026358673644952452e-02
1.717055056329611640e+00 1.040015455547110314e-02
1.727055056329611649e+00 1.053889075299969252e-02
1.737055056329611658e+00 1.067983584994038754e-02
1.747055056329611666e+00 1.082303121298140020e-02
1.757055056329611675e+00 1.096851907334179047e-02
1.767055056329611684e+00 1.111634254594679426e-02
1.777055056329611471e+00 1.126654564904071287e-02
1.787055056329611480e+00 1.141917332424746342e-02
1.797055056329611489e+00 1.157427145708908936e-02
1.807055056329611498e+00 1.173188689797292038e-02
1.817055056329611507e+00 1.189206748365807115e-02
1.827055056329611515e+00 1.205486205921247993e-02
1.837055056329611524e+00 1.222032050047181483e-02
1.847055056329611533e+00 1.238849373701176801e-02
1.857055056329611542e+00 1.255943377564572132e-02
1.867055056329611551e+00 1.273319372445985698e-02
1.877055056329611560e+00 1.290982781739815483e-02
1.887055056329611569e+00 1.308939143941009742e-02
1.897055056329611578e+00 1.327194115217393382e-02
1.907055056329611586e+00 1.345753472040897049e-02
1.917055056329611595e+00 1.364623113879042185e-02
1.927055056329611382e+00 1.383809065948083360e-02
1.937055056329611391e+00 1.403317482029232260e-02
1.947055056329611400e+00 1.423154647349423284e-02
1.957055056329611409e+00 1.443326981528112243e-02
1.967055056329611418e+00 1.463841041591650016e-02
1.977055056329611427e+00 1.484703525056777461e-02
1.987055056329611435e+00 1.505921273084855939e-02
1.997055056329611444e+00 1.527501273708465994e-02
2.007055056329611453e+00 1.549450665132052693e-02
2.017055056329611240e+00 1.571776739108331211e-02
2.027055056329611471e+00 1.594486944392214944e-02
2.037055056329611702e+00 1.617588890274047203e-02
2.047055056329611489e+00 1.641090350193986913e-02
2.057055056329611276e+00 1.664999265439433621e-02
2.067055056329611507e+00 1.689323748927396007e-02
2.077055056329611737e+00 1.714072089073791563e-02
2.087055056329611524e+00 1.739252753751685185e-02
2.097055056329611311e+00 1.764874394340533795e-02
2.107055056329611542e+00 1.790945849868533918e-02
2.117055056329611329e+00 1.817476151250246863e-02
