8.705505632961241247e-02 3.457186976490451021e-06
9.705505632961240747e-02 4.648276328692190802e-06
1.070550563296124025e-01 6.251787842781059834e-06
1.170550563296123975e-01 8.345383684396830983e-06
1.270550563296123925e-01 1.105555420238247367e-05
1.370550563296124014e-01 1.429970785887355862e-05
1.470550563296123825e-01 1.713560248011662923e-05
1.570550563296123636e-01 2.053380540711349442e-05
1.670550563296123725e-01 2.436544942813676686e-05
1.770550563296123814e-01 2.891212905095766461e-05
1.870550563296123625e-01 3.423746490767993735e-05
1.970550563296123436e-01 3.920324607530368557e-05
2.070550563296123525e-01 4.432270558237626489e-05
2.170550563296123614e-01 5.011147213321191579e-05
2.270550563296123425e-01 5.659568160621804370e-05
2.370550563296123237e-01 6.389821539735091971e-05
2.470550563296123325e-01 7.214320574250681598e-05
2.570550563296123414e-01 8.145231266156248526e-05
2.670550563296123503e-01 9.134649266857225501e-05
2.770550563296123037e-01 9.976879798921699325e-05
2.870550563296123125e-01 1.083708317929201262e-04
2.970550563296123214e-01 1.177198143151860036e-04
3.070550563296122748e-01 1.278783422692869392e-04
3.170550563296122837e-01 1.382355539336309054e-04
3.270550563296122926e-01 1.494317312573855902e-04
3.370550563296123014e-01 1.615348416033793419e-04
3.470550563296123103e-01 1.746183592823867742e-04
3.570550563296122637e-01 1.887617118000646814e-04
3.670550563296122726e-01 2.037432139653400922e-04
3.770550563296122815e-01 2.193947247977407671e-04
3.870550563296122348e-01 2.349056384671079469e-04
3.970550563296122437e-01 2.510773089810396964e-04
4.070550563296122526e-01 2.683634445495964400e-04
4.170550563296122615e-01 2.868409251650978092e-04
4.270550563296122704e-01 3.065919394239250903e-04
4.370550563296122237e-01 3.270228143242900746e-04
4.470550563296122326e-01 3.485735458342230603e-04
4.570550563296122415e-01 3.715601837714672278e-04
4.670550563296121949e-01 3.960793208436313669e-04
4.770550563296122037e-01 4.222341007052049272e-04
4.870550563296122126e-01 4.501346652938699455e-04
4.970550563296122215e-01 4.798986328868281009e-04
5.070550563296122304e-01 5.116516089965711736e-04
5.170550563296121283e-01 5.442613826921110587e-04
5.270550563296121371e-01 5.788274642541115737e-04
5.370550563296121460e-01 6.129509502723112704e-04
5.470550563296121549e-01 6.363240108327134848e-04
5.570550563296121638e-01 6.605957875180190446e-04
5.670550563296121727e-01 6.858011486214530238e-04
5.770550563296121815e-01 7.119763281881518000e-04
5.870550563296121904e-01 7.391589800419636662e-04
5.970550563296121993e-01 7.673882339711166024e-04
6.070550563296122082e-01 7.964839684374113837e-04
6.170550563296121060e-01 8.265213157157462812e-04
6.270550563296121149e-01 8.576972029502477916e-04
6.370550563296121238e-01 8.900550184895269145e-04
6.470550563296121327e-01 9.236398135355472754e-04
6.570550563296121416e-01 9.584983662476883291e-04
6.670550563296121505e-01 9.946792483330169597e-04
6.770550563296121593e-01 1.032232894219764540e-03
6.870550563296120572e-01 1.071211672914847189e-03
6.970550563296120661e-01 1.111669962650206102e-03
7.070550563296120750e-01 1.153664228426869208e-03
7.170550563296120838e-01 1.195905836167660214e-03
7.270550563296120927e-01 1.238661030990914971e-03
7.370550563296121016e-01 1.282945206328077199e-03
7.470550563296121105e-01 1.328813055462782890e-03
7.570550563296121194e-01 1.375763792724234895e-03
7.670550563296121283e-01 1.421952873235113974e-03
7.770550563296120261e-01 1.469693418848708752e-03
7.870550563296120350e-01 1.519037567798448224e-03
7.970550563296120439e-01 1.570039211336073277e-03
8.070550563296120528e-01 1.622754052702371236e-03
8.170550563296120616e-01 1.677239668082680830e-03
8.270550563296120705e-01 1.733555569614005825e-03
8.370550563296120794e-01 1.791763270512825284e-03
8.470550563296119773e-01 1.849695838816512502e-03
8.570550563296119861e-01 1.907688857735318584e-03
8.670550563296119950e-01 1.967515568894584628e-03
8.770550563296120039e-01 2.029234387105971829e-03
8.870550563296120128e-01 2.092905600205544926e-03
8.970550563296120217e-01 2.158591429447090804e-03
9.070550563296120306e-01 2.226356091852011321e-03
9.170550563296120394e-01 2.296265864579413729e-03
9.270550563296120483e-01 2.368389151382125843e-03
9.370550563296119462e-01 2.442796551216484466e-03
9.470550563296119551e-01 2.519560929075996374e-03
9.570550563296119639e-01 2.598757489121208963e-03
9.670550563296119728e-01 2.680463850180534163e-03
9.770550563296119817e-01 2.764760123699199108e-03
9.870550563296119906e-01 2.851728994215979498e-03
9.970550563296119995e-01 2.940918823884500384e-03
1.007055056329611897e+00 3.030026860547668614e-03
1.017055056329611906e+00 3.121903484104423740e-03
1.027055056329611915e+00 3.216636369025156934e-03
1.037055056329611924e+00 3.314316005092975397e-03
1.047055056329611933e+00 3.415035788702279994e-03
1.057055056329611942e+00 3.518892117138473427e-03
1.067055056329611951e+00 3.619689747323620241e-03
1.077055056329611959e+00 3.691898369431027317e-03
1.087055056329611968e+00 3.765552493310307669e-03
1.097055056329611977e+00 3.840681162625677117e-03
1.107055056329611986e+00 3.917314006871580427e-03
1.117055056329611995e+00 3.995481253237323852e-03
1.127055056329612004e+00 4.075213738713018979e-03
1.137055056329611791e+00 4.156542922441785332e-03
1.147055056329611800e+00 4.239500898323183414e-03
1.157055056329611809e+00 4.324120407873052047e-03
1.167055056329611817e+00 4.410434853344998365e-03
1.177055056329611826e+00 4.498478311118834887e-03
1.187055056329611835e+00 4.583802273430468907e-03
1.197055056329611844e+00 4.670472291265096408e-03
1.207055056329611853e+00 4.758783044427799917e-03
1.217055056329611862e+00 4.848765629408986408e-03
1.227055056329611871e+00 4.940451732715251537e-03
1.237055056329611880e+00 5.033873642075941367e-03
1.247055056329611888e+00 5.129064257862811851e-03
1.257055056329611897e+00 5.226057104726775093e-03
1.267055056329611906e+00 5.324886343455903503e-03
1.277055056329611915e+00 5.425586783058923730e-03
1.287055056329611702e+00 5.528193893078435679e-03
1.297055056329611711e+00 5.632743816138275836e-03
1.307055056329611720e+00 5.739273380729454505e-03
1.317055056329611729e+00 5.847820114239215411e-03
1.327055056329611737e+00 5.958422256227868460e-03
1.337055056329611746e+00 6.071118771958065527e-03
1.347055056329611755e+00 6.185949366181343542e-03
1.357055056329611764e+00 6.302954497186876240e-03
1.367055056329611773e+00 6.422175391117342959e-03
1.377055056329611782e+00 6.543654056557044948e-03
1.387055056329611791e+00 6.667433299397495898e-03
1.397055056329611800e+00 6.789199271610650739e-03
1.407055056329611809e+00 6.906428209142355390e-03
1.417055056329611817e+00 7.025768760445573642e-03
1.427055056329611826e+00 7.147260024235770406e-03
1.437055056329611835e+00 7.270941835566352603e-03
1.447055056329611844e+00 7.396854779836351326e-03
1.457055056329611631e+00 7.525040207066192519e-03
1.467055056329611640e+00 7.655540246446598113e-03
1.477055056329611649e+00 7.788397821165943258e-03
1.487055056329611658e+00 7.923656663521384813e-03
1.497055056329611666e+00 8.061361330319229829e-03
1.507055056329611675e+00 8.168832298160183178e-03
1.517055056329611684e+00 8.228769369069544384e-03
1.527055056329611693e+00 8.289176037344471795e-03
1.537055056329611702e+00 8.350056261277173306e-03
1.547055056329611711e+00 8.411414034970461293e-03
1.557055056329611720e+00 8.473253388681677156e-03
1.567055056329611729e+00 8.535578389170038471e-03
1.577055056329611737e+00 8.598393140047462524e-03
1.587055056329611746e+00 8.661701782132965113e-03
1.597055056329611755e+00 8.725508493810579108e-03
1.607055056329611542e+00 8.789817491390870818e-03
1.617055056329611551e+00 8.854633029476133982e-03
1.627055056329611560e+00 8.919959401329224935e-03
1.637055056329611569e+00 8.985800939246091010e-03
1.647055056329611578e+00 9.052162014932103179e-03
1.657055056329611586e+00 9.130679425926829448e-03
1.667055056329611595e+00 9.211342591013735315e-03
1.677055056329611604e+00 9.292904981102877160e-03
1.687055056329611613e+00 9.375378876104990822e-03
1.697055056329611622e+00 9.458776745227751373e-03
1.707055056329611631e+00 9.543111250062706608e-03
1.717055056329611640e+00 9.628395247723676303e-03
1.727055056329611649e+00 9.714641794037619932e-03
1.737055056329611658e+00 9.801864146788678844e-03
1.747055056329611666e+00 9.890075769016407753e-03
1.757055056329611675e+00 9.979290332369075006e-03
1.767055056329611684e+00 1.006952172051296494e-02
1.777055056329611471e+00 1.016078403259856010e-02
1.787055056329611480e+00 1.025309158678472735e-02
1.797055056329611489e+00 1.034645892382165915e-02
1.807055056329611498e+00 1.044090081069374773e-02
1.817055056329611507e+00 1.053643224432331688e-02
1.827055056329611515e+00 1.063306845533624166e-02
1.837055056329611524e+00 1.073082491189048665e-02
1.847055056329611533e+00 1.082971732356871261e-02
1.857055056329611542e+00 1.092976164533585384e-02
1.867055056329611551e+00 1.103097408156298795e-02
1.877055056329611560e+00 1.113337109011838799e-02
1.887055056329611569e+00 1.123696938652706326e-02
1.897055056329611578e+00 1.134178594819985203e-02
1.907055056329611586e+00 1.144783801873326505e-02
1.917055056329611595e+00 1.155514311228124369e-02
1.927055056329611382e+00 1.166371901800014599e-02
1.937055056329611391e+00 1.177358380456800836e-02
1.947055056329611400e+00 1.188475582477952451e-02
1.957055056329611409e+00 1.199725372021792288e-02
1.967055056329611418e+00 1.211109642600503682e-02
1.977055056329611427e+00 1.222630317563089090e-02
1.987055056329611435e+00 1.234289350586420184e-02
1.997055056329611444e+00 1.246088726174509297e-02
2.007055056329611453e+00 1.258030460166136358e-02
2.017055056329611240e+00 1.270116600250988624e-02
2.027055056329611471e+00 1.282349226494442114e-02
2.037055056329611702e+00 1.294730451871129590e-02
2.047055056329611489e+00 1.307262422807459364e-02
2.057055056329611276e+00 1.319947319733212956e-02
2.067055056329611507e+00 1.332787357642400625e-02
2.077055056329611737e+00 1.345784786663503305e-02
2.087055056329611524e+00 1.358941892639277393e-02
2.097055056329611311e+00 1.372260997716288899e-02
2.107055056329611542e+00 1.385744460944317129e-02
2.117055056329611329e+00 1.399394678885813349e-02
